Treatment	HFD_control	LFD_control	LFD_control	FVT_SDT	FVT_ChP	FVT_UnT	FVT_PyT	FVT_SDT	LFD_control	FVT_SDT	FVT_ChP	FVT_ChP	FVT_PyT	HFD_control	HFD_control	LFD_control	FVT_SDT	FVT_ChP	FVT_ChP	FVT_UnT	FVT_UnT	HFD_control	LFD_control	FVT_PyT	FVT_PyT	FVT_SDT	FVT_ChP	FVT_ChP	FVT_UnT	FVT_SDT	LFD_control	FVT_PyT	FVT_ChP	FVT_UnT	FVT_SDT	FVT_PyT	HFD_control	HFD_control	HFD_control	LFD_control	FVT_PyT	LFD_control	FVT_UnT	HFD_control	FVT_UnT	FVT_UnT	FVT_PyT
id	159	160	161	162	163	164	165	166	167	168	169	170	171	172	173	174	176	177	178	179	180	181	182	183	184	185	186	187	188	189	190	191	266	267	268	269	270	271	272	273	274	275	276	277	278	279	280
Bacteria|Firmicutes|Bacilli|Lactobacillales|Streptococcaceae|Streptococcus	0.004337063	0.007891608	0.005174799	0.007906057	0.003227399	0.005313101	0.007250988	0.004101473	0.012230655	0.003533352	0.004479283	0.002057502	0.003238787	0.004065182	0.003517245	0.010136643	0.005768413	0.00457158	0.001986775	0.010184993	0.007524471	0.003478019	0.009929994	0.006345681	0.005247684	0.005450742	0.007782534	0.003964047	0.00395165	0.001055855	0.004262898	0.009676006	0.005173154	0.013088121	0.00684375	0.006241289	0.002484907	0.006729449	0.010258298	0.012362792	0.011431276	0.002177395	0.00542639	0.009039373	0.004582125	0.011086357	0.015165517
Bacteria|Firmicutes|Clostridia|Clostridiales|Ruminococcaceae|Anaerotruncus	0.000455491	0.000184479	0.000187864	0.000348797	0.000360709	0.000437292	0.000619599	0.000217009	0.000982518	0.000460872	0.000209966	0.000270724	9.81451E-05	0.000279154	0.00041997	0.000616274	0.000834902	0.000417323	0.00035584	0.000808333	0.000927084	0.000811538	0.000715052	0.000277624	0.000324775	0.000422241	0.000722664	2.30468E-05	9.96214E-05	7.03903E-05	0.00015157	0.000399992	0.000566119	0.000422197	0.000640625	0.00037169	0.000332488	0.000895989	0.000560125	0.000338486	0.000291243	0.000125965	0.000346365	0.000955591	0.000170611	0.000353632	0.000396053
Bacteria|Firmicutes|Clostridia|Clostridiales|Oscillospiraceae|Ruminococcus	0.00130706	0.000983889	0.004594128	0.01809092	0.014827049	0.0042636	0.007100275	0.005598837	0.00952026	0.007926998	0.003686077	0.00430451	0.002767691	0.006595017	0.006457032	0.030898697	0.023696035	0.007910162	0.003232215	0.010184993	0.007696951	0.017459655	0.024923017	0.00785278	0.005059656	0.007024548	0.012340875	0.001129292	0.001926014	0.001460599	0.007426915	0.016837775	0.003630969	0.003951768	0.0064375	0.009121883	0.006824744	0.006615068	0.004000896	0.008236489	0.006061489	0.011246873	0.014619503	0.013197484	0.008457433	0.00456185	0.010709924
Bacteria|Firmicutes|Clostridia|Clostridiales|Lachnospiraceae|Anaerostipes	0	2.04977E-05	6.83142E-05	0	0	0	0	2.17009E-05	3.38799E-05	0	0	0	0	0	0	0	1.518E-05	0	0	0	0	0	0.000138397	0	0	0	0	0	0	3.51952E-05	7.57848E-05	0	0	5.06637E-05	0	1.54871E-05	0	0	0	1.61184E-05	5.4608E-05	1.7995E-05	0	2.58268E-05	0	0	0
Bacteria|Firmicutes|Clostridia|Clostridiales|Oscillospiraceae|Ruminococcus|torques	0	0	0	2.32531E-05	0	0	0	0	0	0	0	0	0	0	0	0	0	0	0	0	0	0	0	0	0	0	0	0	0	0	0	0	0	0	0	0	0	0	0	0	0	0	0	0	0	0	0
Bacteria|Firmicutes|Clostridia|Clostridiales|Ruminococcaceae	0.062956728	0.03619891	0.041159292	0.049691896	0.023389148	0.02440091	0.044393462	0.050649942	0.028120342	0.028328264	0.009985069	0.018084358	0.025576602	0.018022891	0.049066443	0.024077183	0.067854757	0.044179297	0.011535154	0.034550452	0.025289983	0.021215915	0.043410567	0.043269612	0.043143824	0.035736906	0.06167658	0.024383499	0.010194594	0.009625875	0.064511851	0.037465953	0.028598758	0.093829162	0.029375	0.033591451	0.020859218	0.069925271	0.054124124	0.016215084	0.046107359	0.031995105	0.021416923	0.055107891	0.030929343	0.044345428	0.030611571
Bacteria|Firmicutes|Clostridia|Clostridiales|Peptococcaceae|rc4-4	0	0	0	0	0	0	0	0	0	0	0	0	0	0	0	0	0	0	0	0	0	0	1.15331E-05	0	0	0	0	0	0	0	0	0	0	0	0	0	0	0	0	0	0	0	0	0	0	0	0
Bacteria|Firmicutes|Clostridia|Clostridiales|Veillonellaceae|Veillonella|parvula	0	0	0	0	0	0	0	0	0	0	0	0	0	0	0	0	0	0	0	0	0	0	0	0	0	0	0	0	0	0	0	0	0	0	0	0	0	0	0	0	0	0	0	0	0	0	0
Bacteria|Proteobacteria|Betaproteobacteria|Burkholderiales|Alcaligenaceae|Sutterella	0.00065353	2.04977E-05	0	0.000209278	0	8.74585E-05	0.007066783	0.000130206	0	0	0.000186637	0	0.000961822	0.000157024	0.000629954	0	0.000850082	0.000739799	0	0.000115476	0.0001078	0.000139121	0.000380592	0.000317284	0.000119654	0.000153542	0.00063928	0.000138281	0	0	0	0.000742843	0.000117128	0.002803391	0.000140625	4.64612E-05	0.000297489	9.5318E-05	0.000112025	1.61184E-05	0.001237781	0	0.002467853	0.000342205	0	0.0006719	0.00014852
Bacteria|Firmicutes|Bacilli|Lactobacillales|Enterococcaceae||	0.010119814	0.004243021	0.00621659	0.001976514	0.00060751	0.021711562	0.002830062	0.010264534	0.004234991	0.012474268	0.002262971	0.00192214	0.004416528	0.005391165	0.00923933	0.006800264	0.003506588	0.001574445	0.004833496	0.004711425	0.0050235	0.011894825	0.008257695	0.001348457	0.028751154	0.034335835	0.004836289	0.006383959	0.006342565	0.003695492	0.021996552	0.015237805	0.002264475	0.008291958	0.01896875	0.019405297	0.015346924	0.010980631	0.004304964	0.01694041	0.024883048	0.010563063	0.000158751	0.003725513	0.012503351	0.012306387	0.028020727
Bacteria|Firmicutes|Bacilli|Lactobacillales|Streptococcaceae|Streptococcus|luteciae	0.001782355	0.002193252	0.001554148	0.002604348	0.001063143	0.001377471	0.002109987	0.001019943	0.004201111	0.00076812	0.001493094	0.000351941	0.000863677	0.001378324	0.001032425	0.002911363	0.001426923	0.001251968	0.0004448	0.002632855	0.002048208	0.001136153	0.002987071	0.001784723	0.001401661	0.001305107	0.002167992	0.001129292	0.001560736	0.000316756	0.001231504	0.002952325	0.001659314	0.003546459	0.00175	0.001842961	0.000839969	0.00217325	0.003632814	0.003610516	0.003058048	0.000665815	0.001500916	0.002608505	0.00097492	0.003094278	0.005165187
Bacteria|Firmicutes|Clostridia|Clostridiales|Lachnospiraceae|Coprococcus|	0.010812952	0.00469397	0.003057059	0.00239507	0.000797357	0.000262375	0.000502378	0.004795903	0.000677599	0.002703782	0.000909854	0.00871731	0.00853862	0.003733687	0.01172415	0.000850033	0.005297832	0.000701861	0.00521899	0.004411187	0.001897288	0.008324059	0.015731141	0.001705402	0.001658063	0.002802142	0.002835066	0.033740493	0.000265657	0.001443001	0.002576685	0.000799985	0.000702768	0.00040531	0.002953125	0.005637293	0.009449646	0.003641147	0.003088692	0.001321707	0.006243515	0.00183549	0.002871946	0.000923307	0.001048039	0.01601952	0.011270999
Bacteria|Firmicutes|Erysipelotrichi|Erysipelotrichales|Erysipelotrichaceae|Eubacterium|biforme	0	0	0	0	0	0	0	0	0	0	0	0	0	0	0	0	0	0	0	0	0	0	0	0	0	0	0	0	0	0	0	0	0	0	0	0	0	0	0	0	0	0	0	0	0	0	0
Bacteria|Firmicutes|Bacilli|Lactobacillales|Enterococcaceae|Enterococcus|	0.008990989	0.002500717	0.004201322	0.001883502	0.00028477	0.017754067	0.002562127	0.007660424	0.004370511	0.008541494	0.001703061	0.001732633	0.003219158	0.004675832	0.00703449	0.005057696	0.002277005	0.000644953	0.004092163	0.003348807	0.004376698	0.00925153	0.006619996	0.00158642	0.022050528	0.027656757	0.002279171	0.00516248	0.005047486	0.002956393	0.018946212	0.011923582	0.001620271	0.006180971	0.010796875	0.015285736	0.013544492	0.009036145	0.003504785	0.0114924	0.020150354	0.007108024	0.000129887	0.000987874	0.009091131	0.005852606	0.02323509
Bacteria|Firmicutes|Bacilli|Lactobacillales|Aerococcaceae||	5.94118E-05	0.004837453	0.0002391	0.000581328	0.00032274	0	0.000150713	4.34018E-05	0	0.000553046	9.33184E-05	0.000541448	9.81451E-05	0.000331496	0	0.000233759	0.000683102	0.000379384	2.96534E-05	4.61904E-05	0.000431202	0.000139121	0.000138397	0.000237963	8.54672E-05	0.000230313	0.000361332	0.000991012	0.000332071	0	3.78924E-05	9.52363E-05	0.00130793	0.000101327	0.000296875	0.000805328	6.99974E-05	0.0002097	0.000576129	0.000274012	0.000182027	7.198E-05	1.44319E-05	0.000639213	0.000584952	3.53632E-05	4.95066E-05
Bacteria|Firmicutes|Bacilli|Lactobacillales|Lactobacillaceae|Lactobacillus|ruminis	0	0	0	0	0	0	0	0	0	0	0	0	0	0	0	0	0	0	0	0	0	0	0	0	0	0	0	0	0	0	0	0	0	0	0	0	0	0	0	0	0	0	0	0	0	0	0
Bacteria|Proteobacteria|Deltaproteobacteria|Desulfovibrionales|Desulfovibrionaceae	0.003742945	0.001373345	0.006182433	0.006255087	0.002392072	0.002099003	0.005492665	0.004448688	0.005996748	0.005714812	0.001353117	0.006768098	0.00119737	0.002896224	0.002309833	0.007437788	0.012644969	0.002238367	0.002817068	0.002817617	0.002781251	0.011129661	0.002710277	0.003053859	0.002974257	0.005815404	0.003641114	0.000253515	0.0018596	0.002234892	0.002766147	0.006857012	0.004060438	0.00192522	0.004296875	0.005869599	0.003254878	0.004918408	0.001936434	0.005061169	0.004314032	0.007773839	0.010795053	0.003570552	0.005557045	0.000884079	0.003432457
Bacteria|Firmicutes|Clostridia|Clostridiales|Ruminococcaceae|Faecalibacterium|prausnitzii	0	0	0	0	0	0	0	0	0	0	0	0	0	0	0	0	0	0	0	0	0	0	0	0	0	0	0	0	0	0	0	0	0	0	0	0	0	0	0	0	0	0	0	0	0	0	0
Bacteria|Bacteroidetes|Bacteroidia|Bacteroidales|p-2534-18B5	0	0	0	0	0	0	0	0	0	0	0	0	0	0	0	0	0	0	0	0	0	0	0	0	0	0	0	0	0	0	0	0	0	0	0	0	0	0	0	0	0	0	0	0	0	0	0
Bacteria|Firmicutes|Bacilli|Lactobacillales|Carnobacteriaceae|Desemzia	0	0	0	0	0	0	0	0	0	0	0	0	0	0	0	0	0	0	0	0	0	0	0	0	0	0	0	0	0	0	0	0	0	0	0	0	0	0	0	0	0	0	0	0	0	0	0
Bacteria|Firmicutes|Erysipelotrichi|Erysipelotrichales|Erysipelotrichaceae	0.018358253	0.011314721	0.008488036	0.028764097	0.015187759	0.008505335	0.065744524	0.011501487	0.015042689	0.018865026	0.005972378	0.003140397	0.014819904	0.009718054	0.01406898	0.00463268	0.010216164	0.016294554	0.006227204	0.012887134	0.018218274	0.010526804	0.008719019	0.017291981	0.038323476	0.013991517	0.005447774	0.007858954	0.012950787	0.008904375	0.003542942	0.014685435	0.010033967	0.119093458	0.02334375	0.00834753	0.016414384	0.010465914	0.010082258	0.003336503	0.032054899	0.006118299	0.06150871	0.02131355	0.008335568	0.051966193	0.029192383
Bacteria|Proteobacteria|Gammaproteobacteria	0	0	0	0	0	0	0	0	0	0	0	0	0	0	0	0	0	0	0	0	0	0	0	0	0	0	0	0	0	0	0	0	0	0	0	0	0	0	0	0	0	0	0	0	0	0	0
Bacteria|Firmicutes|Clostridia|Clostridiales|Lachnospiraceae|Blautia	9.90197E-05	0	0	0	0	0	5.02378E-05	0	3.38799E-05	0	0	2.70724E-05	0	1.74471E-05	3.49975E-05	0	3.03601E-05	0	0.000148267	0	0	2.31868E-05	2.30662E-05	3.96605E-05	0	7.6771E-05	0	0	0	0	0	3.80945E-05	0	1.68879E-05	0.00003125	3.09741E-05	5.2498E-05	1.90636E-05	8.00179E-05	0	0	0	0	3.87402E-05	0	0	0
Bacteria|Proteobacteria|Gammaproteobacteria|Pseudomonadales|Moraxellaceae|Acinetobacter	0	0	0	0	0	0	0	0	0	0	0	0	0	0	0	0	0	0	0	0	0	0	0	0	0	0	0	0	0	0	0	0	0	0	0	0	0	0	0	0	0	0	0	0	0	0	0
Bacteria|Tenericutes|Mollicutes|Anaeroplasmatales|Anaeroplasmataceae|Anaeroplasma	0	0	6.83142E-05	0	0	0	0	0	0	0	0	0	0	0	0	0	0	0	0	0	0	0	0	0	0	0	0	0	0	0	0	0	0	0	0.000015625	0	0	0	0	0	0	0	0	0	0	0	0
Bacteria|Firmicutes|Bacilli|Bacillales|Staphylococcaceae|Macrococcus|caseolyticus	0	0	0	0	0	0	0	0	0	0	0	0	0	0	0	0	0	0	0	0	0	0	0	0	0	0	0	0	0	0	0	0	0	0	0	0	0	0	0	0	0	0	0	0	0	0	0
Bacteria|Actinobacteria|Coriobacteriia|Coriobacteriales|Coriobacteriaceae|Adlercreutzia	0.011446678	0.006395277	0.003176609	0.007882804	0.00411968	0.012768935	0.006648135	0.013020551	0.005556308	0.010231358	0.008608623	0.002436515	0.015389145	0.009909973	0.005774581	0.003421383	0.005206752	0.008953469	0.006672004	0.009076422	0.016407227	0.007118345	0.004347977	0.008011422	0.016255855	0.011899507	0.010673189	0.009472229	0.007371986	0.007390983	0.006081734	0.015123521	0.010463437	0.009913196	0.01440625	0.013582159	0.009099659	0.006805704	0.012450789	0.004029593	0.013469975	0.00255529	0.002958537	0.008639058	0.014648176	0.008734705	0.013614311
Bacteria|Firmicutes|Erysipelotrichi|Erysipelotrichales|Erysipelotrichaceae|Catenibacterium	0	0	0	0	0	0	0	0	0	0	0	0	0	0	0	0	0	0	0	0	0	0	0	0	0	0	0	0	0	0	0	0	0	0	0	0	0	0	0	0	0	0	0	0	0	0	0
Bacteria|Firmicutes|Clostridia|Clostridiales|Lachnospiraceae|Dorea	0.001049609	0.002152257	0.0046966	0.004673875	0.005277746	0.003563932	0.004722352	0.004578894	0.015855807	0.004946692	0.000746547	0.004521089	0.001334773	0.00249494	0.005494602	0.006077736	0.007681098	0.003964566	0.001749548	0.00734428	0.001724807	0.010619551	0.00402505	0.005076545	0.004512666	0.003281961	0.005281005	0.001682415	0.000763764	0.000791891	0.006593282	0.004190396	0.003670011	0.002938494	0.002859375	0.00692272	0.000839969	0.00625286	0.003024678	0.007623991	0.004896518	0.004894639	0.006292303	0.004074175	0.00275415	0.001379164	0.003927522
Bacteria|Firmicutes|Bacilli|Bacillales|Staphylococcaceae|Staphylococcus|equorum	0.000217843	2.04977E-05	8.53927E-05	0	0	0	3.34919E-05	0	0	0	0	2.70724E-05	1.9629E-05	3.48943E-05	1.74987E-05	2.12508E-05	0	1.89692E-05	0	0	4.31202E-05	0	2.30662E-05	0	0.000273495	5.75783E-05	2.77948E-05	6.91404E-05	0	0	1.89462E-05	3.80945E-05	0	0	0	1.54871E-05	3.49987E-05	0.000114382	0	0	0.000109216	1.7995E-05	0	1.29134E-05	0	0.000141453	4.95066E-05
Bacteria|Actinobacteria|Actinobacteria|Actinomycetales|Micrococcaceae	0	0	0	0	0	0	0	0	0	0	0	0	0	0	0	0	0	0	0	0	0	0	0	0	0	0	0	0	0	0	0	0	0	0	0	0	0	0	0	0	0	0	0	0	0	0	0
Unassigned	1.98039E-05	4.09954E-05	8.53927E-05	0.000232531	5.69541E-05	2.18646E-05	5.02378E-05	6.51028E-05	6.77599E-05	0	2.33296E-05	2.70724E-05	1.9629E-05	8.72357E-05	1.74987E-05	0.000127505	0	5.69076E-05	2.96534E-05	2.30952E-05	0	0	6.91986E-05	7.9321E-05	1.70934E-05	1.91928E-05	5.55895E-05	2.30468E-05	0.000166036	1.75976E-05	5.68386E-05	0	1.95213E-05	0	0.000015625	6.19483E-05	1.74993E-05	9.5318E-05	0.000368082	4.83551E-05	0	0.00010797	0.000865913	4.51969E-05	7.3119E-05	1.76816E-05	3.30044E-05
Bacteria|Proteobacteria|Deltaproteobacteria|Desulfovibrionales|Desulfovibrionaceae|Bilophila	0.008218636	0.006866724	0.003039981	0.00695268	0.000664464	0.028555186	0.012391989	0.004600595	0.006166147	0.004885243	0.001796379	0.002950891	0.002276965	0.004152418	0.004899645	0.002295089	0.014254053	0.007625624	0.001630934	0.008614518	0.013604416	0.017923391	0.007311982	0.010034108	0.01259786	0.004011285	0.013925176	0.002212491	0.004449758	0.001847746	0.006157519	0.012171197	0.002889158	0.010723815	0.003734375	0.008533375	0.002852393	0.005204362	0.008241846	0.008043068	0.008154795	0.003922909	0.024476483	0.012680949	0.005752029	0.00655987	0.010891449
Bacteria|Bacteroidetes|Bacteroidia|Bacteroidales	0.000990197	0.00362809	0.012074531	0.003069411	0.001936439	0.006428197	0.011169536	0.000368916	0.001050278	0.000860294	0.006368981	0.001976285	0.00158995	0.001378324	3.49975E-05	0.004037656	0.005388913	0.001783106	0.001986775	0.002217141	0.001703247	0.004312743	0.002329685	0.006821607	0.006905747	0.001612191	0.003279782	0.005024199	0.004482965	0.000598318	0.010931964	0.01131407	0.001854527	0.00466106	0.00078125	0.001238965	0.000122495	0.00339332	0.002560574	0.007575635	0.00620711	0.009285419	0.036021994	0.002576221	0.00299788	0.00533984	0.002442325
Bacteria|Actinobacteria|Actinobacteria|Actinomycetales|Micrococcaceae|Micrococcus	0.000198039	0.000143484	0.00011955	0.000139519	5.69541E-05	0.000196782	0.000100476	0.000108505	0.00010164	3.07248E-05	0.000116648	8.12172E-05	1.9629E-05	0.000418731	0.000104992	8.50033E-05	0.00019734	0.000132784	2.96534E-05	0.000461904	0.000194041	2.31868E-05	9.22648E-05	0.000356945	0.000222215	3.83855E-05	0.000111179	0.000184374	3.32071E-05	1.75976E-05	3.78924E-05	0.000266662	9.76067E-05	0.000118215	0.000078125	9.29224E-05	0.000192493	3.81272E-05	0.000352079	6.44735E-05	0.000182027	3.599E-05	0.000202046	7.10236E-05	2.4373E-05	0.000141453	0.000132018
Bacteria|Firmicutes|Bacilli|Lactobacillales|Lactobacillaceae|Lactobacillus	0.082166551	0.05495429	0.030570594	0.027020114	0.093404716	0.023176491	0.026525554	0.056010069	0.075348963	0.123237165	0.28156495	0.266960853	0.456099715	0.131097774	0.195023361	0.038485241	0.023559415	0.264146291	0.25475195	0.04166378	0.067310595	0.115076053	0.078863298	0.149083842	0.045229223	0.057559066	0.104008005	0.24938926	0.156936973	0.361876606	0.065894924	0.162054056	0.330203412	0.030786638	0.0965	0.085287285	0.210884592	0.089903919	0.114217585	0.06104028	0.050803648	0.071944	0.020406691	0.043673085	0.221599357	0.174358158	0.302221195
Bacteria|Firmicutes|Clostridia|Clostridiales|Lachnospiraceae|Epulopiscium	0	0	0	0	0	0	0	0	0	0	0	0	0	0	0	0	0	0	0	0	0	0	0	0	0	0	0	0	0	0	0	0	0	0	0	0	0	0	0	0	0	0	0	0	0	0	0
Bacteria|Firmicutes|Bacilli|Turicibacterales|Turicibacteraceae|Turicibacter	0	0.004263518	0.001742012	0	0	0	0	0	0.000271039	0	0	0	0	0	0	0.001232548	0	0	0	0	0	0	3.45993E-05	0	0	0	0	0	0	0	0.001060988	0	0	0	0	0	0	0	0	0.000402959	0	0.003598999	0	0	0	0	0
Bacteria|Proteobacteria|Gammaproteobacteria|Enterobacteriales|Enterobacteriaceae|Enterobacter	0.002039806	0.001352847	0.001024713	0.002650855	0.001708623	0.001333741	0.001088485	0.001974784	0.001016398	0.000460872	0.001516424	0.000974606	0.00078516	0.003524321	0.001434896	0.002040079	0.003870909	0.001707229	0.00053376	0.004988568	0.0050235	0.001599889	0.002248953	0.003371143	0.003555434	0.002322323	0.00589249	0.001843743	0.000664143	0.000246366	0.000757848	0.002304718	0.000702768	0.001992772	0.0010625	0.001440297	0.00106746	0.001029434	0.004609032	0.001692429	0.003294683	0.000341905	0.003088424	0.001414016	0.000658071	0.001485254	0.001402687
Bacteria|Firmicutes|Clostridia|Clostridiales|Clostridiaceae|Clostridium|perfringens	0	0	0	0	0	0	0	0	0	0	0	0	0	0	0	0	0	0	0	0	0	0	0	0	0	0	0	0	0	0	0	0	0	0	0	0	0	0	0	0	0	0	0	0	0	0	0
Bacteria|Firmicutes|Clostridia|Clostridiales|Lachnospiraceae|Blautia|producta	0	0	0	0	0	0	0	0	0	0	0	0	0	0	0	0	0	0	0	0	0	0	0	0	0	0	0	0	0	0	0	0	0	0	0	0	0	0	0	0	0	0	0	0	0	0	0
Bacteria|Proteobacteria|Gammaproteobacteria|Pasteurellales|Pasteurellaceae|Haemophilus|parainfluenzae	0	0	0	0	0	0	0	0	0	0	0	0	0	0	0	0	0	0	0	0	0	0	0	0	0	0	0	0	0	0	0	0	0	0	0	0	0	0	0	0	0	0	0	0	0	0	0
Bacteria|Firmicutes|Bacilli|Lactobacillales|Streptococcaceae|Lactococcus	0.42477473	0.186938876	0.133605451	0.445320312	0.37445419	0.387266049	0.317938241	0.422169658	0.177022632	0.358773466	0.265374207	0.206643565	0.26395132	0.333728802	0.324443978	0.137790339	0.381307305	0.384562854	0.256857338	0.474791566	0.500344961	0.268387127	0.132849712	0.389981756	0.407011726	0.435425983	0.433375952	0.302696474	0.324400611	0.163815859	0.172183172	0.332488905	0.322960996	0.352619313	0.428515625	0.408905064	0.264117596	0.321507549	0.434385302	0.105768766	0.433933415	0.084288568	0.162820568	0.284398042	0.300324161	0.361075748	0.098237566
Bacteria|Firmicutes|Erysipelotrichi|Erysipelotrichales|Erysipelotrichaceae|Allobaculum	0.013189425	0.206596155	0.109370997	0	0.057998253	0	0	0.062281635	0.082904188	0.046824592	0.123553565	0.070469435	0	0.08665992	0.003534744	0.074101621	0	0.010698636	0.136909528	4.61904E-05	0	0	0.028648206	0	0	0	0.001945633	0.064715372	0	0.165294056	0.029385574	1.90473E-05	0.037012455	0	0	0	0.042225917	0.000915053	0.01464328	0.075869183	0	0.119432798	0	0.008955436	0	0	0
Bacteria|Firmicutes|Bacilli|Bacillales|Bacillaceae	0.000198039	0.000430451	5.12356E-05	0.000209278	0.000132893	6.55938E-05	0.000133967	8.68037E-05	0	3.07248E-05	9.33184E-05	2.70724E-05	0	0.000383837	6.99949E-05	0.000212508	0.000349141	5.69076E-05	0	0.000369524	0.000323401	4.63736E-05	0.000161463	7.9321E-05	0.000102561	7.6771E-05	0.000166769	9.21871E-05	9.96214E-05	7.03903E-05	7.57848E-05	0.000285709	9.76067E-05	6.75516E-05	0.00003125	0.000185845	1.74993E-05	7.62544E-05	0.000160036	0.000225657	0.000127419	0	0.000129887	7.10236E-05	7.3119E-05	0.000194497	3.30044E-05
Bacteria|Actinobacteria|Actinobacteria|Actinomycetales|Streptomycetaceae|Streptomyces	0	0	0	0	0	0	0	0	0	0	0	0	0	0	0	0	0	0	0	0	0	0	0	0	0	0	0	0	0	0	0	0	0	0	0	0	0	0	0	0	0	0	0	0	0	0	0
Bacteria|Firmicutes|Bacilli|Bacillales|Staphylococcaceae|Macrococcus	0	0	0	0	0	0	0	0	0	0	0	0	0	0	0	0	0	0	0	0	0	0	0	0	0	0	0	0	0	0	0	0	0	0	0	0	0	0	0	0	0	0	0	0	0	0	0
Bacteria|Proteobacteria|Gammaproteobacteria|Enterobacteriales|Enterobacteriaceae	0.057213586	0.017279547	0.068587434	0.028950122	0.01822531	0.077138359	0.034295666	0.027343157	0.014873289	0.010077734	0.028765398	0.010666522	0.010501521	0.045973201	0.028662922	0.022568375	0.046875949	0.023939147	0.020816653	0.050301393	0.075395628	0.02508811	0.037205762	0.02819862	0.098235958	0.035621749	0.057785313	0.020004609	0.02746231	0.014887551	0.072071389	0.036761205	0.010092531	0.032678083	0.01459375	0.055552114	0.0453233	0.01622312	0.045994303	0.035960091	0.036332526	0.030429541	0.033597437	0.019363628	0.018157888	0.019997878	0.023070068
Bacteria|Firmicutes|Bacilli|Lactobacillales|Aerococcaceae|Facklamia	0	0	0	0	0	0	0	0	0	0	0	0	0	0	0	0	0	0	0	0	0	0	0	0	0	0	0	0	0	0	0	0	0	0	0	0	0	0	0	0	0	0	0	0	0	0	0
Bacteria|Firmicutes|Clostridia|Clostridiales|[Tissierellaceae]|Finegoldia	0	0	0	0	0	0	0	0	0	0	0	0	0	0	0	0	0	0	0	0	0	0	0	0	0	0	0	0	0	0	0	0	0	0	0	0	0	0	0	0	0	0	0	0	0	0	0
Bacteria|Proteobacteria|Gammaproteobacteria|Pseudomonadales|Moraxellaceae|Acinetobacter|rhizosphaerae	0	0	0	0	0	0	0	0	0	0	0	0	0	0	0	0	0	0	0	0	0	0	0	0	0	0	0	0	0	0	0	0	0	0	0	0	0	0	0	0	0	0	0	0	0	0	0
Bacteria|Cyanobacteria|4C0d-2|YS2	1.98039E-05	0	1.70785E-05	0	0	0	1.67459E-05	0	0.000271039	0	0	2.70724E-05	0	0	1.74987E-05	0	1.518E-05	3.79384E-05	0	2.30952E-05	0	0	0.000230662	0	0	0	0	4.60936E-05	0	0	0	0	0	0	0	0	0	1.90636E-05	0	0.000338486	0	5.3985E-05	0	8.3937E-05	0	0	0
Bacteria|Firmicutes|Erysipelotrichi|Erysipelotrichales|Erysipelotrichaceae|cc_115	0	0	0	0	0	0	0	4.34018E-05	0	0	6.99888E-05	0	0	0	0	0	0	7.58769E-05	0	0.000438809	0	0	8.07317E-05	0	0	0	0.000222358	0	0	1.75976E-05	0	0	5.8564E-05	0	0	0	0	0	0	0	0	0	0	0	0	0.000141453	0
Bacteria|Firmicutes|Bacilli|Bacillales|Staphylococcaceae|Staphylococcus	0.000633726	6.14931E-05	0.00011955	0.000883618	1.89847E-05	8.74585E-05	8.37297E-05	2.17009E-05	0	0	0.000139978	2.70724E-05	5.8887E-05	6.97885E-05	0.000612456	0.000106254	0.001214403	9.48461E-05	0	0.000230952	0.000539002	0.001089779	6.91986E-05	0	0.000752111	0.00076771	0.000277948	0.000230468	0.000132829	0	0	1.90473E-05	0.000195213	0.000118215	0.000890625	0.000216819	0.000489982	0.000324081	0.000272061	0	0.000218432	5.3985E-05	1.44319E-05	5.81103E-05	0.000438714	0.000760308	0.000264035
Bacteria|Proteobacteria|Gammaproteobacteria|Enterobacteriales|Enterobacteriaceae|Klebsiella	1.98039E-05	0	0	0	0	0	0	0	0	0	0	0	0	0	0	0	0	0	0	0	0	0	0	0	0	0	0	0	0	0	0	0	0	0	0	0	0	0	0	0	0	0	0	0	0	0	1.65022E-05
Bacteria|Firmicutes|Bacilli|Bacillales|Bacillaceae|Bacillus|firmus	0	0	0	0	0	0	0	0	0	0	0	0	0	0	0	0	0	0	0	0	0	0	0	0	0	0	0	0	0	0	0	0	0	0	0	3.09741E-05	1.74993E-05	1.90636E-05	1.60036E-05	0	1.82027E-05	0	0.000404093	2.58268E-05	0	0	4.95066E-05
Bacteria|Proteobacteria|Gammaproteobacteria|Pseudomonadales|Moraxellaceae|Moraxella	0	0	0	0	0	0	0	0	0	0	0	0	0	0	0	0	0	0	0	0	0	0	0	0	0	0	0	0	0	0	0	0	0	0	0	0	0	0	0	0	0	0	0	0	0	0	0
Bacteria|Firmicutes|Bacilli|Lactobacillales|Lactobacillaceae|Lactobacillus|reuteri	0.002039806	0	0.000102471	0	0.00658769	2.18646E-05	1.67459E-05	0.000911439	0.00010164	0.00614496	0.032521463	0.04131247	0	0.002337916	0.014243967	4.25016E-05	0.00013662	0.025248022	0.017376864	0.00101619	0	0.007558894	0.00014993	0.003212501	0	0	0.000250153	0.016224937	0.01338248	0.025710062	0	0.001276166	0.022254324	0	0.000796875	0	0.004199843	0.000285954	0.005105144	0.001708548	0	0.000125965	0	0.000297008	0.005727656	0.009636467	0
Bacteria|Proteobacteria|Gammaproteobacteria|Pasteurellales|Pasteurellaceae|Actinobacillus|porcinus	0	0	0	0	0	0	0	0	0	0	0	0	0	0	0	0	0	0	0	0	0	0	0	0	0	0	0	0	0	0	0	0	0	0	0	0	0	0	0	0	0	0	0	0	0	0	0
Bacteria|Bacteroidetes|Bacteroidia|Bacteroidales|Rikenellaceae	0.001980394	0.000676424	0.002168975	0.000325544	0.000246801	0.001246283	0.001172215	0.001475662	0.002032796	0.003133929	0.00174972	0.001218258	0.000314064	0.000715333	0.002082349	0.000850033	0.002671686	0.001517537	0.002698455	0.001224047	0.001444526	0.00925153	0.001326306	0.000991513	0.002085399	0.001036409	0.002167992	0.000898825	0.001461114	0.000739098	0.002576685	0.003485648	0.000488033	0.001300368	0.000234375	0.001207991	0.00054248	0.001925423	0.000560125	0.002820715	0.000200229	0.005020604	0.015095756	0.003150867	0.00073119	0.001379164	0.002376316
Bacteria|Proteobacteria|Gammaproteobacteria|Enterobacteriales|Enterobacteriaceae|Serratia	0	0	0	0	0	0	0	0	0	0	0	0	0	0	0	0	0	0	0	0	0	0	0	0	0	0	0	0	0	0	0	0	0	0	0	0	0	0	0	0	0	0	0	0	0	0	0
Bacteria|Firmicutes|Bacilli|Bacillales|Staphylococcaceae|Staphylococcus|sciuri	0	0.003402616	0.010434991	9.30124E-05	0.000512587	0.005509883	0.001188961	0.005794145	0.002642635	0.002273635	0.000116648	0.000758027	0	0.000628097	0	0.002380092	0.003051187	0.00193486	0.005189337	0.004110949	0.000582122	0	0.000172996	0.000475926	3.41869E-05	0.019307909	0.00997832	0.000391795	0.012552301	0.002270088	0.006593282	0.002533285	0.001190802	0.002887831	0.03490625	0.003205823	0	0.002935794	0.001648369	0.022049935	0.001474416	0.018984722	0.000317502	0.03354253	0.016256794	0.032534125	0.021023796
Bacteria|Firmicutes|Clostridia|Clostridiales|Lachnospiraceae|Roseburia	0	0	0	4.65062E-05	0.000151878	0	0	0	0.000338799	0	0.000163307	0	0	0	0	6.37525E-05	0.000242881	3.79384E-05	0	0	0	0	0.00018453	0.000436266	0.000324775	3.83855E-05	5.55895E-05	0	0	0	0	0.000590465	9.76067E-05	0.000523525	0.000203125	0.000294254	0	3.81272E-05	6.40143E-05	0.000306249	0.000145621	5.3985E-05	0.001096824	0.000962048	0	3.53632E-05	0
Bacteria|Firmicutes|Clostridia|Clostridiales|Peptostreptococcaceae|Peptostreptococcus	0	0	0	0	0	0	0	0	0	0	0	0	0	0	0	0	0	0	0	0	0	0	0	0	0	0	0	0	0	0	0	0	0	0	0	0	0	0	0	0	0	0	0	0	0	0	0
Bacteria|Actinobacteria|Actinobacteria|Actinomycetales|Propionibacteriaceae|Propionibacterium|acnes	0	0	0	0	0	0	0	0	0	0	0	0	0	1.74471E-05	0	0	1.518E-05	0	0	2.30952E-05	0	0	0	0	1.70934E-05	0	0	0	0	0	0	0	0	0	0	0	0	0	0	0	3.64053E-05	0	4.32957E-05	0	0	1.76816E-05	1.65022E-05
Bacteria|Proteobacteria|Deltaproteobacteria|Desulfovibrionales|Desulfovibrionaceae|Desulfovibrio	0	0	0	0	0	0	0	0	0	0	0	0	0	0	0	0	0	0	0	0	0	0	0	0	0	0	0	0	0	0	0	0	0	0	0	0	0	0	0	0	0	0	0	0	0	0	0
Bacteria|Firmicutes|Bacilli|Lactobacillales|Lactobacillaceae|Lactobacillus|zeae	0	0	0	0	0	0	0	0	0	0	0	0	0	0	0	0	0	0	0	0	0	0	0	0	0	0	0	0	0	0	0	0	0	0	0	0	0	0	0	0	0	0	0	0	0	0	0
Bacteria|Firmicutes|Clostridia|Clostridiales|Ruminococcaceae|Oscillospira	0.013248837	0.005698356	0.020460096	0.042227648	0.019933933	0.025909568	0.017834416	0.012825243	0.043705109	0.01447138	0.013881112	0.011641128	0.004907253	0.010450834	0.015696362	0.028773615	0.034261339	0.016598061	0.012068914	0.017367607	0.021538528	0.022212948	0.024023435	0.011541207	0.021349697	0.01938468	0.016287731	0.006821848	0.009298001	0.004364199	0.016994752	0.026075694	0.008804123	0.031191948	0.00915625	0.023710702	0.012022049	0.015918103	0.016547707	0.028319982	0.016582631	0.021558007	0.036555974	0.027970403	0.018304126	0.014693401	0.014818971
Bacteria|Firmicutes|Clostridia|Clostridiales|Lachnospiraceae|Butyrivibrio	0	0	0	0	0	0	0	0	0	0	0	0	0	0	0	0	0	0	0	0	0	0	0	0	0	0	0	0	0	0	0	1.90473E-05	1.95213E-05	1.68879E-05	0	1.54871E-05	0	0	0	0	0	0	1.44319E-05	0	0	0	0
Bacteria|Tenericutes|RF3|ML615J-28||	0	0	0	0	0	0	0	0	0	0	0	0	0	0	0	0	0	0	0	0	0	0	0	0	0	0	0	0	0	0	0	0	0	0	0	0	0	0	0	0	0	0	0	0	0	0	0
Bacteria|Firmicutes|Clostridia|Clostridiales|Lachnospiraceae|Roseburia|faecis	0	0	0	0	0	0	0	0	3.38799E-05	0	2.33296E-05	0	0	0	0	0	3.03601E-05	1.89692E-05	0	0	0	0	2.30662E-05	7.9321E-05	1.70934E-05	0	0	0	0	0	0	3.80945E-05	0	5.06637E-05	0.000015625	1.54871E-05	0	0	1.60036E-05	0	1.82027E-05	0	0.000173183	6.45669E-05	0	0	0
Bacteria|Firmicutes|Bacilli|Bacillales|Paenibacillaceae|	0	0	0	0	0	0	1.67459E-05	2.17009E-05	0	3.07248E-05	0	0	1.9629E-05	0	0	0	0	0	0	2.30952E-05	0	0	0	0	0	0	0	0	0	0	0	0	0	0	0.000046875	0	1.74993E-05	3.81272E-05	0	0	0	0	1.44319E-05	6.45669E-06	0	0	0
Bacteria|Firmicutes|Erysipelotrichi|Erysipelotrichales|Erysipelotrichaceae|Holdemania|	0	0	0	0	0	0	0	0	0	0	0	0	0	0	0	0	0	0	0	0	0	0	0	0	0	0	0	0	0	0	0	0	0	0	0	0	0	0	0	0	0	0	0	0	0	0	0
Bacteria|Actinobacteria|Actinobacteria|Bifidobacteriales|Bifidobacteriaceae|Bifidobacterium|adolescentis	0	0	0	0	0	0	0	0	0	0	0	0	0	0	0	0	0	0	0	0	0	0	0	0	0	0	0	0	0	0	0	0	0	0	0	0	0	0	0	0	0	0	0	0	0	0	0
Bacteria|Firmicutes|Erysipelotrichi|Erysipelotrichales|Erysipelotrichaceae|Coprobacillus	0	0	8.53927E-05	2.32531E-05	0	0	8.37297E-05	0	3.38799E-05	0	6.99888E-05	2.70724E-05	0	0	3.49975E-05	4.25016E-05	1.518E-05	7.58769E-05	0	2.30952E-05	6.46803E-05	0	0.000253728	0	0	1.91928E-05	2.77948E-05	2.30468E-05	0	0	0	0	0	0.000236431	0.00015625	0	1.74993E-05	0	0	1.61184E-05	0	1.7995E-05	0	6.45669E-06	0	0	0
Bacteria|Firmicutes|Clostridia|Clostridiales|Clostridiaceae|CandidatusArthromitus	1.98039E-05	0	0	0	0	0	1.67459E-05	8.68037E-05	0	3.07248E-05	0	0	0	0	1.74987E-05	0	0	1.89692E-05	0	2.30952E-05	0	0	2.30662E-05	0.00154676	0.000341869	0	2.77948E-05	0	0	0	1.89462E-05	0	0	1.68879E-05	0	0.000139384	0	0	1.60036E-05	3.22367E-05	1.82027E-05	0	0.00046182	0	0	0.000229861	8.2511E-05
Bacteria|Firmicutes|Clostridia|Clostridiales|Oscillospiraceae|Ruminococcus|gnavus	0.003980592	0.000409954	0.001127184	0.002534589	0.002145271	0.003148504	0.002846808	0.002104989	0.006267787	0.001505515	0.001913027	0.00135362	0.001040338	0.001657478	0.006107057	0.004738934	0.001776064	0.002598782	0.001364054	0.001939999	0.003794575	0.00911241	0.00223742	0.003053859	0.003367406	0.001170758	0.002029018	0.000967965	0.000630936	0.000686306	0.002216707	0.003161845	0.001991176	0.000709292	0.002265625	0.005606319	0.002362411	0.004098673	0.001536344	0.001773021	0.001346997	0.00190747	0.006451054	0.002576221	0.004192157	0.001361482	0.001105647
Bacteria|Bacteroidetes|Bacteroidia|Bacteroidales|Bacteroidaceae|Bacteroides	0.081829884	0.052925019	0.123904838	0.0347634	0.002980598	0.113805317	0.208034698	0.059655823	0.061390432	0.03720773	0.040336879	0.020954031	0.00814604	0.027863075	0.063975362	0.04388295	0.027627664	0.047442002	0.019630519	0.039469734	0.078780561	0.119226489	0.09724705	0.035892758	0.074407713	0.021188799	0.042470399	0.012468311	0.027097031	0.009027558	0.114094087	0.046361022	0.016476008	0.059276522	0.00959375	0.026808115	0.013999475	0.040166997	0.053387959	0.069518544	0.067786738	0.122581922	0.247290413	0.103307119	0.016817373	0.031367141	0.055166837
Bacteria|Firmicutes|Clostridia|Clostridiales|Veillonellaceae|Phascolarctobacterium	0	0	0	0	0	0	0	0	0	0	0	0	0	0	0	0	0	0	0	0	0	0	0	0	0	0	0	0	0	1.75976E-05	0	0	0	0	0	0	0	0	0	0	0	0	0	0	0	0	0
Bacteria|Bacteroidetes|Bacteroidia|Bacteroidales|Odoribacteraceae|Odoribacter	0.000376275	0.000102488	0.000444042	0.000186025	5.69541E-05	0.000677803	0.001138723	0.000108505	0.000406559	0.000215074	0.000209966	0.000460231	0.000215919	0.000436178	1.74987E-05	0.000425016	0	0.001005368	0.00062272	0.000115476	6.46803E-05	0.003570766	0.000276794	7.9321E-05	0.00223924	0.001036409	0.000333537	9.21871E-05	0.000963007	0.000175976	0.000871526	0.001352355	0.000429469	0	0.000140625	0.000185845	6.99974E-05	0.001086625	0.000272061	0.00277236	1.82027E-05	0.00086376	0.003636836	0.001478583	0.000584952	0.000495085	0.001534704
Bacteria|Firmicutes|Bacilli|Bacillales	3.96079E-05	4.09954E-05	0	0	0	0	1.67459E-05	0	0	0	0	0	1.9629E-05	0	0	2.12508E-05	1.518E-05	0	0	6.92857E-05	0	0	3.45993E-05	0	1.70934E-05	0	0	0	0	0	0	1.90473E-05	1.95213E-05	1.68879E-05	0	3.09741E-05	0	0	3.20072E-05	0	1.82027E-05	0	0	0	2.4373E-05	0	0
Bacteria|Proteobacteria|Gammaproteobacteria|Pasteurellales|Pasteurellaceae|Actinobacillus	0	0	0	0	0	0	0	0	0	0	0	0	0	0	0	0	0	0	0	0	0	0	0	0	0	0	0	0	0	0	0	0	0	0	0	0	0	0	0	0	0	0	0	0	0	0	0
Bacteria|Actinobacteria|Actinobacteria|Actinomycetales|Corynebacteriaceae|Corynebacterium	0	0	0	0	0	0	0	0	0	0	0	0	0	0	0	0	0	0	0	0	0	0	0	0	0	0	0	0	0	0	0	0	0	0	0	0	0	0	0	0	0	0	0	0	0	0	0
Bacteria|Bacteroidetes|Bacteroidia|Bacteroidales|Bacteroidaceae|Bacteroides|fragilis	0	0	0	0	0	0	0	0	0	0	0	0	0	0	0	0	0	0	0	0	0	0	0	0	0	0	0	0	0	0	0	0	0	0	0	0	0	0	0	0	0	0	0	0	0	0	0
Bacteria|Firmicutes|Clostridia|Clostridiales|[Tissierellaceae]|Anaerococcus	0	0	0	0	0	0	0	0	0	0	0	0	0	0	0	0	0	0	0	0	0	0	0	0	0	0	0	0	0	0	0	0	0	0	0	0	0	0	0	0	0	0	0	0	0	0	0
Bacteria|Firmicutes|Bacilli|Lactobacillales|Aerococcaceae|Aerococcus	0	0	0	0	0	0	0	2.17009E-05	0	0	0	0	0	0	0	0	0	0	0	0	0	0	0	0	0	0	0	0	0	0	0	0	0	0	0	0	0	0	0	0	0	0	0	0	0	1.76816E-05	0
Bacteria|Firmicutes|Bacilli|Bacillales|Planococcaceae|Sporosarcina	0	0.001291354	0.000102471	9.30124E-05	1.89847E-05	0	0	0	0	0	2.33296E-05	0	3.9258E-05	0	0	0.000127505	0	3.79384E-05	0	2.30952E-05	0.000366521	0	0.00014993	3.96605E-05	5.12803E-05	0	8.33843E-05	0	0.00023245	1.75976E-05	1.89462E-05	1.90473E-05	3.90427E-05	0	0	1.54871E-05	0	0	1.60036E-05	0.000128947	0	0	0	2.58268E-05	0.00024373	0	0
Bacteria|Firmicutes|Clostridia|Clostridiales|Veillonellaceae|Dialister	0	0	0	0	0	0	0	0	0	0	0	0	0	0	0	0	0	0	0	0	0	0	0	0	0	0	0	0	0	0	0	0	0	0	0	0	0	0	0	0	0	0	0	0	0	0	0
Bacteria|Proteobacteria|Gammaproteobacteria|Pasteurellales|Pasteurellaceae|Aggregatibacter	0	0	0	0	0	0	0	0	0	0	0	0	0	0	0	0	0	0	0	0	0	0	0	0	0	0	0	0	0	0	0	0	0	0	0	0	0	0	0	0	0	0	0	0	0	0	0
Bacteria|Firmicutes|Bacilli|Bacillales|Bacillaceae|Bacillus|anthracis	0	0	0	0	0	0	0	0	0	0	0	0	0	0	0	0	0	0	0	0	0	0	0	0	0	0	0	0	0	0	0	0	0	0	0	0	0	0	0	0	0	0	0	0	0	0	0
Bacteria|Firmicutes|Clostridia|Clostridiales	0.059451431	0.063317345	0.111488737	0.176932915	0.170045943	0.149991254	0.104913256	0.107050628	0.137281474	0.139429133	0.063129899	0.090963236	0.08679949	0.163741364	0.069819938	0.210680664	0.174418605	0.054555456	0.073807194	0.074759232	0.083006339	0.120455389	0.112770595	0.151899738	0.086834638	0.151238892	0.112902329	0.017215948	0.178754068	0.092932812	0.089501904	0.116931106	0.093136298	0.094555342	0.1433125	0.137819421	0.126380261	0.180627574	0.105175559	0.118405571	0.115768972	0.128088391	0.091830108	0.169507612	0.15932633	0.053009407	0.056041454
Bacteria|Bacteroidetes|Bacteroidia|Bacteroidales|Odoribacteraceae|Butyricimonas	0	0	0	0	0	0	0	0	0	0	0	0	0	0	0	0	0	0	0	0	0	0	0	0	0	0	0	0	0	0	0	0	0	0	0	0	0	0	0	0	0	0	0	0	0	0	0
Bacteria|Firmicutes|Bacilli|Bacillales|Bacillaceae|Bacillus|cereus	0	0	0	0	0	0	0	0	0	0	0	0	0	0	0	0	0	0	0	0	0	0	0	0	0	0	0	0	0	0	0	0	1.95213E-05	0	0	0	0	0	0	0	0	0	0	0	0	0	0
Bacteria|Firmicutes|Bacilli|Haloplasmatales|Haloplasmataceae	0	0	0	0	0	0	0	4.34018E-05	0	0	0	0	0	0	1.74987E-05	2.12508E-05	0	0	0	0	0	6.95604E-05	2.30662E-05	3.96605E-05	1.70934E-05	0	0	0	0	0	0	0	0	0	0	1.54871E-05	0	1.90636E-05	0	0	0	0	2.88638E-05	0	0	0	0
Bacteria|Fusobacteria|Fusobacteriia|Fusobacteriales|Fusobacteriaceae|Fusobacterium	0	0	0	0	0	0	0	0	0	0	0	0	0	0	0	0	0	0	0	0	0	0	0	0	0	0	0	0	0	0	0	0	0	0	0	0	0	0	0	0	0	0	0	0	0	0	0
Bacteria|Deferribacteres|Deferribacteres|Deferribacterales|Deferribacteraceae|Mucispirillum|schaedleri	0.000514902	0.006887222	0.017744607	0.04306476	0.113186771	0.000174917	0.003198473	0.000195308	0.026663505	0.033336406	0.000676558	0.003573556	9.81451E-05	0.00024426	0.000367473	0.104469048	0.043627421	0.000588046	0.001808854	0.091757315	0.002263809	0.0270358	0.076406749	0.033433807	0.000307682	0.006909391	0.005586747	9.21871E-05	9.96214E-05	0.001689368	0.00039787	0.015085427	0.021336821	0.000489749	0.023109375	0.005482422	0.008627176	0.087883178	0.000640143	0.047033413	0.001401605	0.006082309	0.002785355	0.000981418	0.020546443	0.000265224	0.003003399
Bacteria|Proteobacteria|Gammaproteobacteria|Enterobacteriales|Enterobacteriaceae|Erwinia	0.001089217	0.000840405	0.000256178	0.000930124	0.000873296	0.000393563	0.000552616	0.000585925	0.00023716	6.14496E-05	0.000396603	0.000541448	0.000314064	0.001134064	0.00041997	0.000552521	0.001184043	0.000531138	8.89601E-05	0.001177856	0.001272045	0.000278242	0.00063432	0.000634568	0.000957232	0.000422241	0.00063928	0.000991012	0.000199243	0.000140781	0.000303139	0.001352355	0.000370905	0.001401696	0.000703125	0.000619483	0.000454983	0.000457526	0.001600358	0.000660853	0.000855525	5.3985E-05	0.001486485	0.000884567	0.000194984	0.000654219	0.000693092
Bacteria|Spirochaetes|Spirochaetes|Sphaerochaetales|Sphaerochaetaceae|Sphaerochaeta	0	0	0	0	0	0	0	0	0	0	0	0	0	0	0	0	0	0	0	0	0	0	0	0	0	0	0	0	0	0	0	0	0	0	0	0	0	0	0	0	0	0	0	0	0	0	0
Bacteria|Bacteroidetes|Bacteroidia|Bacteroidales|Porphyromonadaceae|Parabacteroides|distasonis	0	0	0	0	0	0	0	0	0	0	0	0	0	0	0	0	0	0	0	0	0	0	0	0	0	0	0	0	0	0	0	0	0	0	0	0	0	0	0	0	0	0	0	0	0	0	0
Bacteria|Firmicutes|Bacilli|Bacillales|Staphylococcaceae|Jeotgalicoccus|psychrophilus	0	2.04977E-05	0	0	0	0	0	0	0	0	0	0	0	0	0	0	0	0	0	2.30952E-05	0	0	1.15331E-05	0	0	0	0	0	0	0	0	0	0	8.44395E-05	0	0	0	0	0	0	0	0	0	0	0	1.76816E-05	0
Bacteria|Bacteroidetes|Bacteroidia|Bacteroidales|Prevotellaceae|Prevotella	0	0	3.41571E-05	0	0	0	1.67459E-05	0	0	0	0	0	0	0	0	0	0	0	0	0	0	0	5.76655E-05	0	0	0	0	0	0	0	0	0	3.90427E-05	0	0	0	0	0	0	1.61184E-05	0	1.7995E-05	1.44319E-05	0	0	0	0
Bacteria|Firmicutes|Clostridia|Clostridiales|Lachnospiraceae|Lachnospira	0	0	0	0	0	0	0	0	0	0	0	0	0	0	0	0	0	0	0	0	0	0	0	0	0	0	0	0	0	0	0	0	0	0	0	0	0	0	0	0	0	0	0	0	0	0	0
Bacteria|Firmicutes|Bacilli|Lactobacillales|Leuconostocaceae|Weissella	0	0	3.41571E-05	0	0	0	1.67459E-05	0	0	0	0	0	0	0	0	0	0	0	0	0	0	0	0	0	0	0	0	0	0	0	1.89462E-05	1.90473E-05	0	0	0	0	0	0	0	4.83551E-05	0	0	0	6.45669E-06	2.4373E-05	0	0
Bacteria|Firmicutes|Bacilli|Bacillales|Bacillaceae|Bacillus	0	4.09954E-05	0	0	0	0	0	0	0	0	0	0	0	1.74471E-05	0	0	1.518E-05	1.89692E-05	0	0	6.46803E-05	0	3.45993E-05	0	5.12803E-05	0	0	0	0	0	1.89462E-05	1.90473E-05	1.95213E-05	0	0	0	0	0	0	0	0	0	2.88638E-05	0	2.4373E-05	0	0
Bacteria|Bacteroidetes|Bacteroidia|Bacteroidales|Porphyromonadaceae|Parabacteroides	0.006000594	0.000840405	0.000444042	0.001395187	0.000227816	0.00454784	0.005124255	0.002278596	0.001998916	0.001597689	0.001633072	0.001164113	0.001511434	0.000314048	0.003184769	0.000382515	0.003400328	0.002503936	0.000978561	0.003371902	0.000646803	0.00556483	0.001926027	0.001745062	0.001282007	0.001247529	0.002445939	0.002097257	0.00116225	0.001143843	0.000625225	0.001923773	0.000331863	0.004171311	0.00103125	0.000836302	0.001364949	0.002726094	0.000992222	0.000870392	0.003731547	0.00079178	0.006941738	0.001898268	0.001754856	0.002457741	0.000874616
Bacteria|Firmicutes|Bacilli|Bacillales|Planococcaceae	0	0	0	0	0	0	0	0	0	0	0	0	0	0	0	0	0	0	0	0	0	0	0	0	0	0	0	0	0	0	0	0	1.95213E-05	0	0	0	0	0	0	0	0	0	0	0	0	1.76816E-05	1.65022E-05
Bacteria|Firmicutes|Erysipelotrichi|Erysipelotrichales|Erysipelotrichaceae|p-75-a5	0	0	0	0	0	0	0	0	0	0	0	0	0	0	0	0	0	0	0	0	0	0	0	0	0	0	0	0	0	0	0	0	0	0	0	0	0	0	0	0	0	0	0	0	0	0	0
Bacteria|Actinobacteria|Coriobacteriia|Coriobacteriales|Coriobacteriaceae|Slackia	0	0	0	0	0	0	0	0	0	0	0	0	0	0	0	2.12508E-05	0	0	2.96534E-05	0	0	2.31868E-05	0	0	0	0	2.77948E-05	0	0	0	0	1.90473E-05	0	0	0	0	0	0	1.60036E-05	0	3.64053E-05	0	0	1.29134E-05	0	0	0
Bacteria|Firmicutes|Clostridia	0	2.04977E-05	0	0	0	0	0	0	0	0	0	0	0	0	0	0	0	0	0	0	0	0	0	0	0	0	0	0	0	0	0	0	0	0	0	0	0	0	0	0	0	0	0	0	0	0	0
Bacteria|Actinobacteria|Actinobacteria|Bifidobacteriales|Bifidobacteriaceae|Bifidobacterium	0	0.019698274	0.008351408	0	0	0	0	0	0.00501423	0	0	0	0	0	0	0.003123871	0	0	0	0	0	0	0.000138397	0	0	0	0	0	0	0	0.003883973	0	0	0	0	0	0	0	0	0.002611176	0	0.013100358	0	0	0	0	0
Bacteria|Firmicutes|Bacilli|Bacillales|Staphylococcaceae|Staphylococcus|aureus	0.006000594	0.001086377	0.001332126	0.000255784	0.000113908	0.000437292	0.001808561	0.000130206	0.000304919	9.21744E-05	0.000443262	0.000270724	0.001668466	0.001535348	0.000734947	0.002337591	0.000455401	0.000663922	0.000415147	0.000600476	0.000819283	0.001414394	0.001257107	0.000872531	0.007213429	0.003301153	0.000722664	0.002419912	0.00023245	0.000193573	0.000492602	0.001104741	0.000937024	0.000827507	0.00040625	0.000975685	0.001294951	0.005814397	0.000832186	0.001176641	0.0027304	0.00140361	0.000115455	0.000832914	0.000584952	0.007090318	0.003514967
Bacteria|Proteobacteria|Gammaproteobacteria|Pasteurellales|Pasteurellaceae	0	0	0	0	0	0	0	0	0	0	0	0	0	0	0	0	0	0	0	0	0	0	0	0	0	0	0	0	0	0	0	0	0	0	0	0	0	0	0	0	0	0	0	0	0	0	0
Bacteria|Verrucomicrobia|Verrucomicrobiae|Verrucomicrobiales|Verrucomicrobiaceae|Akkermansia|muciniphila	0.017051193	0.087566105	0.059621198	0.003976282	0.014827049	0.000240511	0.038649608	0.016991819	0.05271717	0.040679633	0.009798432	0.045346256	0.007400137	0.007816317	0.054421054	0.034086321	0.017624021	0.003414458	0.056371023	0.023995935	0.002781251	0.000533296	0.052775439	0.031768065	0.017589142	0.038155193	0.011840569	0.052454483	0.023411038	0.008376447	0.065819139	0.01097122	0.010307266	0.065845915	0.026703125	0.034675546	0.020456733	0.007377612	0.025013603	0.126658178	0.010921601	0.067463245	0.116725116	0.044693242	0.013673256	0.025850484	0.075679065
Bacteria|Firmicutes|Clostridia|Clostridiales|Clostridiaceae|02d06	0	0	1.70785E-05	0	0	0	0	0	0	0	0	0	0	0	0	0	0	0	0	0	0	0	0	0	0	0	0	0	0	0	0	0	0	0	0	0	0	0	0	0	0	0	0	0	0	0	0
Bacteria|Bacteroidetes|Bacteroidia|Bacteroidales|Bacteroidaceae|Bacteroides|caccae	0	0	0	0	0	0	0	0	0	0	0	0	0.000687015	0	0	0	0	0	0	2.30952E-05	0	0	2.30662E-05	0.000198303	1.70934E-05	0	0	0	0	0	0	7.6189E-05	0	3.37758E-05	0	4.64612E-05	0	0	0	1.61184E-05	0	0	0.000129887	0	4.8746E-05	0.000512766	0.000957127
Bacteria|Firmicutes|Clostridia|Clostridiales|Veillonellaceae	0	0	0	0	0	0	0	0	0	0	0	0	0	0	0	0	0	0	0	0	0	0	0	0	0	0	0	0	0	5.27927E-05	0	0	0	0	0	0	1.74993E-05	0	0	0	0	0	0	0	0	0	0
Bacteria|Actinobacteria|Actinobacteria|Actinomycetales|Cellulomonadaceae|Cellulomonas	0	0	0	0	0	0	0	0	0	0	0	0	0	0	0	0	0	0	0	0	0	0	0	0	0	0	0	0	0	0	0	0	0	0	0	0	0	0	0	0	0	0	0	0	0	0	0
Bacteria|Actinobacteria|Actinobacteria|Actinomycetales|Micrococcaceae|Nesterenkonia	0	0	0	0	0	0	0	0	0	0	0	0	0	0	0	0	0	0	0	0	0	0	0	0	0	0	0	0	0	0	0	0	0	0	0	0	0	0	0	0	0	0	0	0	0	0	0
Bacteria|Tenericutes|Mollicutes|RF39	0.003703337	0.000942893	0.001673697	0.000465062	0.001082128	0.004635298	0.000133967	0.000651028	0.000406559	0.000337973	0.00058324	0.001326547	9.81451E-05	0.000209366	0.001137418	8.50033E-05	0.00018216	0.000948461	0.002342615	9.23809E-05	0.000129361	9.27472E-05	0.000876515	0.000515587	0.000358962	0.00055659	0.000166769	0.000553123	3.32071E-05	0.000246366	0.000928364	5.71418E-05	0.000429469	6.75516E-05	0.001703125	0.000216819	0.002064923	0.000838798	0.000720161	0.000451314	0.000127419	0.000449875	8.65913E-05	0.000348662	0.000389968	0.000459721	0.001039638
Bacteria|Firmicutes|Erysipelotrichi|Erysipelotrichales|Erysipelotrichaceae|Bulleidia|p-1630-c5	0	0	0	0	0	0	0	0	0	0	0	0	0	0	0	0	0	0	0	0	0	0	0	0	0	0	0	0	0	0	0	0	0	0	0	0	0	0	0	0	0	0	0	0	0	0	0
Bacteria|Actinobacteria|Actinobacteria|Bifidobacteriales|Bifidobacteriaceae|Bifidobacterium|pseudolongum	0	0.006292789	0.002186054	0	0	0	0	0	0.001287437	0	0	0	0	0	0	0.00078628	0	0	0	0	0	0	2.30662E-05	0	0	0	0	0	0	0	0.001117826	0	0	0	0	0	0	0	0	0.000870392	0	0.003832934	0	0	0	0	0
Bacteria|Firmicutes|Clostridia|Clostridiales|Dehalobacteriaceae	0.001247648	0.000655926	0.00163954	0.001255668	0.000949235	0.001049501	0.001858798	0.000998242	0.001897276	0.00153624	0.00118981	0.001380692	0.000529983	0.001325982	0.001312405	0.002443845	0.002110025	0.000834645	0.000504107	0.000993095	0.000840843	0.002828789	0.003079336	0.001427778	0.001333288	0.001573806	0.001417533	0.000322655	0.000963007	0.000263964	0.000890472	0.002209482	0.000624683	0.001671902	0.0013125	0.000913737	0.000594978	0.001372579	0.00147233	0.001305588	0.000855525	0.00136762	0.003102856	0.001840158	0.000584952	0.001060895	0.001287171
Bacteria|Bacteroidetes|Bacteroidia|Bacteroidales|Muribaculaceae	0.02075453	0.079899971	0.11449456	0.016532961	0.009112655	0.049195382	0.031381874	0.041210043	0.125389619	0.023350846	0.014534341	0.023336402	0.003886544	0.011898946	0.027385515	0.044987993	0.012159208	0.026594837	0.034694422	0.010346659	0.020331163	0.071368948	0.114788887	0.0109463	0.015845612	0.016889622	0.020178998	0.017400323	0.051570698	0.011508816	0.132661374	0.041561113	0.013411158	0.006248522	0.024390625	0.024903206	0.028103946	0.029338874	0.018804212	0.040634419	0.027922893	0.121250292	0.008933339	0.078984749	0.034780277	0.018936983	0.086999571
Bacteria|Firmicutes|Clostridia|Clostridiales|Peptococcaceae	0.000712942	0.000245972	0.000222021	0.002185792	0.000493602	0.000393563	0.000887534	0.000781233	0.000677599	0.000675946	0.000279955	0.000649737	0.000157032	0.000331496	0.001609883	0.000680026	0.005252292	0.000379384	0.000326187	0.000600476	0.000150921	0.00180857	0.001395504	0.000951852	0.000581177	0.000844481	0.002223581	9.21871E-05	0.000365279	0.000175976	0.000170516	0.002095198	0.000273299	0.000810619	0.0006875	0.000573022	0.000174993	0.001410706	0.000944212	0.000451314	0.000509675	0.00028792	0.002424557	0.001213859	0.000755563	0.001184667	0.000495066
Bacteria|Firmicutes|Clostridia|Clostridiales|Christensenellaceae	0.000574314	0.00026647	0.000751456	0.001743983	0.001879485	0.000240511	0.000267935	0.000759532	0.001761756	0.000737395	0.000116648	0.000595593	9.81451E-05	0.000314048	0.000454967	0.001593812	0.001457283	0.00072083	0.000296534	0.001154761	0.000927084	0.000811538	0.001176376	0.000912192	0.000769204	0.000921252	0.000528101	0.000230468	0.000132829	0.000175976	0.000890472	0.00118093	0.000995588	0.001148377	0.000359375	0.000665944	0.000332488	0.001868232	0.000560125	0.000612498	0.000709904	0.00068381	0.000519548	0.000568189	0.00048746	0.000229861	0.000363048
Bacteria|Actinobacteria|Actinobacteria|Bifidobacteriales|Bifidobacteriaceae|Bifidobacterium|longum	0	0	0	0	0	0	0	0	0	0	0	0	0	0	0	0	0	0	0	0	0	0	0	0	0	0	0	0	0	0	0	0	0	0	0	0	0	0	0	0	0	0	0	0	0	0	0
Bacteria|Firmicutes|Clostridia|Clostridiales|Clostridiaceae	0.00934746	0.064998155	0.03859751	0.000255784	0.009606257	0.000327969	0.000150713	0.012195916	0.017888603	0.015731097	0.042763158	0.080242569	0.025203651	0.064990579	0.00124241	0.082601951	0.000379501	0.004249104	0.022002787	0.000138571	0.000194041	0.001715823	0.00626247	0.000237963	0.000393149	0.002936491	0.000500306	0.004355842	0.08796573	0.070460705	0.021541843	0.005657035	0.006520126	0.001148377	0.024109375	0.007898405	0.05974276	0.001601342	0.002224498	0.10007898	0.000309445	0.036673805	0.000288638	0.005442994	0.030978089	0.000689582	0.000330044
Bacteria|Bacteroidetes|Bacteroidia|Bacteroidales|Bacteroidaceae|Bacteroides|uniformis	0.000178235	0.000717419	0.000375728	9.30124E-05	0	0.001661711	0.001406658	8.68037E-05	0.000338799	0.000307248	0.000139978	0.000162434	7.8516E-05	3.48943E-05	0.000787443	8.50033E-05	0.00012144	9.48461E-05	0.000148267	0.000346428	0.000819283	0.000486923	0.001026445	0.000237963	0.000170934	3.83855E-05	0.000194563	9.21871E-05	0.000166036	0.000175976	0.00054944	0.000247614	0	1.68879E-05	0.00003125	3.09741E-05	0.000122495	5.71908E-05	0.000144032	0.000644735	0.00027304	0.000197945	0.002496717	0.000290551	0.000146238	0.000123771	0.000511568
Bacteria|Actinobacteria|Coriobacteriia|Coriobacteriales|Coriobacteriaceae	0.001049609	0.00079941	0.000444042	0.001302174	0.000474617	0.001333741	0.001322929	0.000607626	0.001422957	0.001321166	0.001073162	0.000270724	0.003631367	0.002198339	0.000402471	0.002805109	0.000683102	0.000910522	0.000830294	0.001270237	0.00232849	0.000602857	0.001210975	0.001388118	0.001504222	0.00209201	0.00122297	0.001060152	0.000597729	0.000756696	0.000378924	0.002590427	0.000644204	0.000658628	0.00140625	0.001750039	0.000734972	0.000610035	0.001552348	0.002917426	0.000655296	0.00017995	0.00053398	0.001194489	0.000536206	0.001078577	0.00052807
Bacteria|Firmicutes|Clostridia|Clostridiales|Clostridiaceae|Clostridium	0.001128825	0.011376214	0.006865575	0	0.001158067	4.37292E-05	8.37297E-05	0.001974784	0.003557393	0.002273635	0.007535461	0.013536196	9.81451E-05	0.004937539	3.49975E-05	0.016044372	0	0.000360415	0.001304748	4.61904E-05	0	0.000208681	0.00130324	0	6.83737E-05	0.00021112	2.77948E-05	0.000437889	0.007106329	0.010276986	0.003618726	0.001047599	0.001093195	3.37758E-05	0.0018125	9.29224E-05	0.006649751	0.000190636	0.000144032	0.017359488	1.82027E-05	0.005596444	0	0.000355118	0.002949134	7.07264E-05	6.60088E-05
Bacteria|Firmicutes|Clostridia|Clostridiales|Mogibacteriaceae	0.000237647	8.19907E-05	0.000324492	0.000139519	0.000170862	4.37292E-05	0.000100476	0.00023871	0.000406559	0.000215074	6.99888E-05	0.00010829	3.9258E-05	8.72357E-05	0.000524962	0.00025501	0.00012144	0.000569076	5.93067E-05	0.000115476	0.000172481	0.000278242	0.000726585	0.000118982	0.000102561	0.000249506	0.000333537	4.60936E-05	6.64143E-05	3.51952E-05	0.000378924	0.000228567	0.000175692	0.000557301	0.000203125	0.000154871	0.000209992	0.000362208	0.000416093	0.000435196	5.4608E-05	0.000341905	0.00023091	0.000419685	0.000219357	0.000141453	0.000115515
Bacteria|Actinobacteria|Coriobacteriia|Coriobacteriales|Coriobacteriaceae|Collinsella|aerofaciens	0	0	0	0	0	0	0	0	0	0	0	0	0	0	0	0	0	0	0	0	0	0	0	0	0	0	0	0	0	0	0	0	0	0	0.000015625	0	0	0	0	0	0	0	0	0	0	0	0
Bacteria|Proteobacteria|Gammaproteobacteria|Enterobacteriales|Enterobacteriaceae|Citrobacter	0	0	0	0	0	0	0	0	0	0	0	0	0	0	0	0	0	0	0	0	0	0	0	0	0	0	0	0	0	0	0	0	0	0	0	0	0	0	0	0	0	0	0	0	0	0	0
Bacteria|Firmicutes|Clostridia|Clostridiales|Peptostreptococcaceae	0	0	0	0	0	0	0	0	0	0	0	0	0	0	0	0	0	0	0	0	0	0	0	0	0	0	0	0	0	0	0	0	0	0	0	0	0	0	0	0	0	0	0	0	0	0	0
Bacteria|Firmicutes|Bacilli|Lactobacillales	0	0	0	0	0	0	0	0	0	0	0	0	0	0	0	0	0	0	0	0	0	0	0	0	0	0	0	0	0	0	0	0	0	0	0	0	0	0	0	0	0	0	0	0	0	0	0
Bacteria|Actinobacteria|Actinobacteria|Actinomycetales|Dietziaceae|Dietzia	0.000712942	0.000450949	0.000358649	0.000860365	0.000816342	0.000721532	0.000401902	0.000412317	0.00023716	0.000215074	0.000419933	0.000406086	0.000372951	0.001186405	0.000454967	0.000297512	0.000759002	0.000531138	0.000148267	0.001431904	0.000862404	0.000370989	0.000369059	0.00079321	0.001452942	0.000383855	0.000416921	0.001244526	0.00023245	8.79879E-05	0.000284193	0.001371402	0.000448991	0.000945722	0.00046875	0.000619483	0.00054248	0.000495654	0.002496559	0.000757564	0.001656443	3.599E-05	0.001472053	0.000322835	0.000219357	0.00044204	0.000511568
Bacteria|Firmicutes|Clostridia|Clostridiales|Peptostreptococcaceae|Clostridium|metallolevans	0	0	0	0	0	0	0	0	0	0	0	0	0	0	0	0	0	0	0	0	0	0	0	0	0	0	0	0	0	0	0	0	0	0	0	0	0	0	0	0	0	0	0	0	0	0	0
Bacteria|TM7|TM7-3|CW040|F16	0	0.000389456	0.001400441	6.97593E-05	0	0	0	2.17009E-05	0.000508199	3.07248E-05	0.000723218	0.000135362	0.000706644	0	0	0.00025501	0.001426923	0.001024338	0	6.92857E-05	0	0	0.000415191	0	0	1.91928E-05	0.000111179	6.91404E-05	9.96214E-05	0	0.001572536	0	0.001835006	0	0.001046875	0.00026328	0	0	0	0.000177302	0.000254837	7.198E-05	0	0	0.003680324	3.53632E-05	0.001039638
Bacteria|Firmicutes|Clostridia|Clostridiales|Lachnospiraceae	0.039984157	0.020313205	0.022424129	0.019276828	0.021813418	0.006756166	0.013815393	0.036153729	0.036725844	0.022736351	0.0122947	0.042260003	0.034017077	0.015911787	0.056993368	0.023630916	0.039680612	0.013904433	0.021824867	0.034804499	0.015846665	0.046211278	0.068644977	0.018283493	0.013914054	0.020804944	0.022624937	0.117722978	0.00966328	0.009432302	0.030749702	0.01346641	0.014836216	0.021819164	0.020109375	0.031082546	0.041280952	0.032408113	0.017731972	0.017488435	0.02830515	0.029637761	0.035083921	0.015760792	0.01533062	0.061779475	0.053071058
Bacteria|Proteobacteria|Alphaproteobacteria|RF32	0.000673334	0.000122986	0.000529435	0.000255784	1.89847E-05	0.000677803	0.000468886	0.000499121	0.000372679	9.21744E-05	0.000116648	0.000270724	5.8887E-05	0.00048852	0.000839939	0.000170007	7.59002E-05	0.001308876	0.00017792	0.000161667	0.000970204	9.27472E-05	0.003252333	3.96605E-05	0.000170934	0.000326277	0.000416921	0.000368749	6.64143E-05	0.000193573	0.000985203	0.001104741	0.000331863	0.000911946	0.000203125	0.000449125	0.00054248	0.000419399	0.001760394	0.000967102	0.001438011	0.00061183	0.001053528	0.002434174	0.000146238	0.000618856	0.002953893
Bacteria|Firmicutes|Bacilli|Lactobacillales|Lactobacillaceae|Lactobacillus|mucosae	0	0	0	0	0	0	0	0	0	0	0	0	0	0	0	0	0	0	0	0	0	0	0	0	0	0	0	0	0	0	0	0	0	0	0	0	0	0	0	0	0	0	0	0	0	0	0
